// Upper hallway - L
-0.5  1.0  -3.0 0.0 1.0
-0.5  0.0   -3.0 0.0 0.0
-0.5  0.0   -2.0 1.0 0.0
-0.5  1.0  -3.0 0.0 1.0
-0.5  1.0  -2.0 1.0 1.0
-0.5  0.0   -2.0 1.0 0.0

// Upper hallway - R
0.5  1.0  -3.0 0.0 1.0
0.5  0.0   -3.0 0.0 0.0
0.5  0.0   -2.0 1.0 0.0
0.5  1.0  -3.0 0.0 1.0
0.5  1.0  -2.0 1.0 1.0
0.5  0.0   -2.0 1.0 0.0

// Lower hallway - L
-0.5  1.0  3.0 0.0 1.0
-0.5  0.0   3.0 0.0 0.0
-0.5  0.0   2.0 1.0 0.0
-0.5  1.0  3.0 0.0 1.0
-0.5  1.0  2.0 1.0 1.0
-0.5  0.0   2.0 1.0 0.0

// Lower hallway - R
0.5  1.0  3.0 0.0 1.0
0.5  0.0   3.0 0.0 0.0
0.5  0.0   2.0 1.0 0.0
0.5  1.0  3.0 0.0 1.0
0.5  1.0  2.0 1.0 1.0
0.5  0.0   2.0 1.0 0.0


// Left hallway - Lw

-3.0  1.0  0.5 1.0 1.0
-3.0  0.0   0.5 1.0 0.0
-2.0  0.0   0.5 0.0 0.0
-3.0  1.0  0.5 1.0 1.0
-2.0  1.0  0.5 0.0 1.0
-2.0  0.0   0.5 0.0 0.0

// Left hallway - Hi

-3.0  1.0  -0.5 1.0 1.0
-3.0  0.0   -0.5 1.0 0.0
-2.0  0.0   -0.5 0.0 0.0
-3.0  1.0  -0.5 1.0 1.0
-2.0  1.0  -0.5 0.0 1.0
-2.0  0.0   -0.5 0.0 0.0

// Right hallway - Lw

3.0  1.0  0.5 1.0 1.0
3.0  0.0   0.5 1.0 0.0
2.0  0.0   0.5 0.0 0.0
3.0  1.0  0.5 1.0 1.0
2.0  1.0  0.5 0.0 1.0
2.0  0.0   0.5 0.0 0.0

// Right hallway - Hi

3.0  1.0  -0.5 1.0 1.0
3.0  0.0   -0.5 1.0 0.0
2.0  0.0   -0.5 0.0 0.0
3.0  1.0  -0.5 1.0 1.0
2.0  1.0 -0.5 0.0 1.0
2.0  0.0   -0.5 0.0 0.0