
NUMPOLLIES 36

// Floor 1
-3.0  0.0 -3.0 0.0 6.0
-3.0  0.0  3.0 0.0 0.0
 3.0  0.0  3.0 6.0 0.0

-3.0  0.0 -3.0 0.0 6.0
 3.0  0.0 -3.0 6.0 6.0
 3.0  0.0  3.0 6.0 0.0

// Ceiling 1
-3.0  1.0 -3.0 0.0 6.0
-3.0  1.0  3.0 0.0 0.0
 3.0  1.0  3.0 6.0 0.0
-3.0  1.0 -3.0 0.0 6.0
 3.0  1.0 -3.0 6.0 6.0
 3.0  1.0  3.0 6.0 0.0

// A2

 2.0  1.0  -2.0 2.0 1.0
 2.0  0.0  -2.0 2.0 0.0
 0.5  0.0  -2.0 0.5 0.0
 2.0  1.0  -2.0 2.0 1.0
 0.5  1.0  -2.0 0.5 1.0
 0.5  0.0  -2.0 0.5 0.0

// B2

 2.0  1.0  2.0 2.0  1.0
 2.0  0.0   2.0 2.0 0.0
 0.5  0.0   2.0 0.5 0.0
 2.0  1.0  2.0 2.0  1.0
 0.5  1.0  2.0 0.5  1.0
 0.5  0.0   2.0 0.5 0.0

// C2

-3.0  1.0  3.0 2.0 1.0
-3.0  0.0  3.0 2.0 0.0
-3.0  0.0  -3.0 0.5 0.0
-3.0  1.0  3.0 2.0 1.0
-3.0  1.0  -3.0 0.5 1.0
-3.0  0.0  -3.0 0.5 0.0

// D2

3.0  1.0  3.0 2.0 1.0
3.0  0.0  3.0 2.0 0.0
3.0  0.0  -3.0 0.5 0.0
3.0  1.0  3.0 2.0 1.0
3.0  1.0  -3.0 0.5 1.0
3.0  0.0  -3.0 0.5 0.0